"CAS","SMILES","route","a_2u_nephropathy","abdominal_cavity","adipose_tissue","adrenal_gland","bladder","body_weight","bone","bone_marrow","brain","clinical_chemistry","CNS","endocrine_system","female_reproductive_organ","gall_bladder_bile_duct","haematopoiesis","Harderian_gland","heart","immune_system","intestine","kidney","liver","lymph_node","male_accessory_gland","male_reproductive_organ","mammary_gland","pancreas","pituitary_gland_hypohysis","RBC","salivary_gland","skeletal_muscle","skin_subcutaneous_tissue","spinal_cord","spleen","thymus","thyroid_gland","trachea","urinary_tract","urine_analysis","vascular_system","WBC"
51036,"c12c(cc(COCCOCCOCCCC)c(CCC)c1)OCO2","oral",0,0,0,0,0,5.5577270397,0,0,0,1.3894317599,0,0,0,0,0,0,0,0,0,1.3894317599,2.7788635199,0,0,0,0,0,0,2.7788635199,0,0,0,0,0,0,0,0,0,0,0,0
56939,"c1(CN{+}(C)(C)(C).Cl{-})ccccc1","oral",0,0,0,0,0,0.5385029618,0,0,0,0.1346257404,0.0673128702,0.1346257404,0,0,0,0,0,0,0,0,0.5385029618,0,0,0,0,0,0,0.0673128702,0,0,0,0,0,0,0,0,0,0,0,0.0673128702
58082,"C1(=O)C2=C(N(C)C(=O)N1C)NC=N2C","oral",0,0,0,0,0,1.4006900458,0,0,0,0,0,0,0,0,0,0,0,0,0,0,0,0,0,0,0,0,0,0,0.1014470364,0,0,0,0,0,0,0,0,0,0,0
58559,"C1(=O)C2=C(N(C)C(=O)N1C)NC=N2","oral",0,0,0,0,0,0.8325470389,0,0,0.8325470389,0,0,0,0.8325470389,0,0,0,0,0,0,0,0.4162735195,0,0,0,0,0,0,0.2081367597,0,0,0,0,0,0.8325470389,0,0,0,0,0.2081367597,0
58899,"C1(Cl)C(Cl)C(Cl)C(Cl)C(Cl)C1Cl","oral",0,0,0,0,0,0.0269481189,0,0,0,0,0,0,0,0,0,0,0,0,0,0.0053896238,0.0002155849,0,0,0,0,0,0,0,0,0,0,0,0,0,0,0,0,0,0,0
59870,"C1(C=NNC(N)=O)=CC=C(N(=O)=O)O1","oral",0,0,0,0,0,0.2452376742,0.2452376742,0,0,0,0.9888615895,0,0.4944307947,0,0,0,0,0,0,0,0.0593316954,0,0,0.1226188371,0,0,0,0,0,0,0,0,0,0,0,0,0,0,0,0
60297,"C(C)OCC","oral",0,0,0,0,0,26.9832703724,0,0,47.2207231516,47.2207231516,0,0,0,0,0,0,47.2207231516,0,0,47.2207231516,26.9832703724,0,0,47.2207231516,0,0,0,47.2207231516,0,0,0,0,47.2207231516,0,0,0,0,0,0,0
64175,"C(C)O","oral",137.8770433592,0,0,0,0,0,0,0,0,137.8770433592,0,0,0,0,0,0,0,0,0,0,137.8770433592,0,0,0,0,0,0,137.8770433592,0,0,0,0,0,137.8770433592,0,0,0,0,0,0
67209,"C1(C=NN2C(=O)NC(=O)C2)=CC=C(N(=O)=O)O1","oral",0,0,0,0,0,0.8226949754,0,0,0,0,0,0,0.8226949754,0,0,0,0,0,0,0,1.6453899508,0,0,0.8226949754,0,0,0,0,0,0,0,0,0,0,0,0,0,0,0,0
67641,"C(C)(C)=O","oral",5.4683155885,0,0,0,0,109.3663117693,0,0,43.044077135,0,0,0,0,0,0,0,0,0,0,5.4683155885,43.044077135,0,0,109.3663117693,0,0,0,10.936631177,0,0,0,0,43.7465247076,0,0,0,0,0,0,10.936631177
67721,"C(Cl)(Cl)(Cl)C(Cl)(Cl)Cl","oral",0,0,0,0,3.1680324407,3.1680324407,0,0,3.1680324407,0,0.3970600659,0,0,0,0,0,1.5840162203,0,0,0.1985300329,0.7941201318,0,0,3.1680324407,0,0,0,0,0,0,0,0,0,3.1680324407,0,0,0,3.1680324407,0,0
74839,"CBr","oral",0,0,0,0,0,0.0042131873,0,0,0,0,0,0,0,0,0,0,0,0,0,0,0,0,0,0,0,0,0,0.5266484095,0,0,0,0,0,0,0,0,0,0,0,0
75127,"C(N)=O","oral",0,0,0,0,0,0.8880994671,0,0,0,3.5523978686,0,0,0,0,0,0,0.8880994671,0,0,0.8880994671,1.7761989343,0,0,3.5523978686,0,0,0,0.8880994671,0,0,0,0,0,3.5523978686,0,0,0,0,0,0.8880994671
75252,"C(Br)(Br)Br","oral",0,0,0,0,0,0,0,0,0,1.2566761737,0,0,0,0,0,0,0,0,0,0,0.0025133524,0,0,0,0,0,0,0,0,0,0,0,0,0,0.0025133524,0,0,0,0,0.0025133524
75274,"C(Cl)(Cl)Br","oral",0,0,0,0,0,0.9155832265,0,0,0,0,0,0,0,1.831166453,0,0,0,0,0,1.831166453,1.831166453,1.831166453,1.831166453,0,0,0,0,0,0,0,0,0,1.831166453,1.831166453,0,0,0,0,0,0
75354,"C(=C)(Cl)Cl","oral",0,0,0,0,0,2.5789147927,0,0,0,0,0,0,0,0,0,0,0,0,0,0,0.0515782959,0,0,0,0,0,0,0,0,0,0,0,0,0,0,0,0,0,0,0
75650,"C(C)(C)(C)O","oral",3.3729087965,0,0,0,20.6422018349,6.7458175931,0,0,0,0,6.7458175931,0,0,0,0,0,0,0,0,3.3729087965,3.3729087965,0,0,0,0,0,0,0,0,0,0,0,0,0,0,0,0,10.3885590934,0,0
77098,"c1(C2(c3ccc(O)cc3)c3c(C(=O)O2)cccc3)ccc(O)cc1","oral",0,0,0,0,0,6.1550289117,0,0,0,0,0,0,0,0,0,0,0,0,0,0,2.9544138776,0,0,0,0,0,0,0,0,0,0,0,0,0,0,0,0,0,0,0
77474,"C1(Cl)C(Cl)(Cl)C(Cl)=C(Cl)C=1Cl","oral",0,0,0,0,0,0.1393115079,0,0,0,0,0.2749569234,0,0,0,0,0,0,0,0,0.1393115079,0.1393115079,0,0,0,0,0,0,0,0,0,0,0,0,0,0,0,0,0,0,0
77907,"C(=O)(C(CC(=O)OCCCC)(CC(=O)OCCCC)OC(C)=O)OCCCC","oral",0,0,0,0,0,0.7354037267,0,0,0,2.4819875776,0,0,0,0,0,0,0,0,0,2.4745341615,0.750310559,0,0,0,0,0,0,0,0,0,0,0,0,0,0,0,0,0.7354037267,0,0
77996,"C(CC)(CO)(CO)CO","oral",0,0,0,0,0,0,0,0,0,1.4903129657,0,0,0,0,0,0,0,0,0,0,4.9701937407,0,0,0,0,0,0,4.9701937407,0,0,0,0,4.9701937407,0,0,0,0,0,0,0
78422,"C(CCCC)(CC)COP(=O)(OCC(CCCC)CC)OCC(CCCC)CC","oral",0,0,0,0,0,4.601509295,0,0,0,0,0,0,0,0,0,0,0,0,0,0,0,0,0,0,0,0,0,0,0,0,0,0,0,0,0,0,0,0,0,0
78591,"C1(=O)C=C(C)CC(C)(C)C1","oral",0,0,0,0,0,1.7011767774,0,0,0,0,7.2353664713,0,0,0,0,0,0,0,0,0,0,0,0,0,0,0,0,0,0,0,0,0,0,0,0,0,0,0,0,0
78875,"C(C)(Cl)CCl","oral",0,0,0,0,0,4.4251703691,0,0,0,0,0,0,0,0,0,0,0,0,0,0,8.8503407381,0,0,0,0,0,0,0,0,0,0,0,0,0,0,0,0,0,0,0
79016,"C(Cl)(Cl)=CCl","oral",0,0,0,0,0,15.2218585889,0,0,0,0,0,0,0,0,0,0,0,0,0,7.6109292945,0,0,0,0,0,0,0,0,0,0,0,0,0,0,0,0,0,0,0,0
79061,"C(N)(=O)C=C","oral",0,0,0.2813731007,0,0.2813731007,0.2813731007,0,0,0.2813731007,0,0.014068655,0,0.2813731007,0,0,0,0.2813731007,0,0,0.2813731007,0.0703432752,0,0.2813731007,0.2813731007,0,0,0,0.0703432752,0,0.2813731007,0,0,0,0.2813731007,0,0,0,0,0,0
79072,"C(N)(=O)CCl","oral",0,0,0,0,0,0.5347021709,0,0,0,0,0.5347021709,0,0,0,0,0,0,0,0,0,0,0,0,0.1336755427,0,0,0,0,0,0,0,0,0,0,0.1336755427,0,0,0,0,0
79107,"C(=O)(O)C=C","oral",0,0,0,0,0,1.3877324452,0,0,10.4079933389,3.469331113,0,0,0,0,0,0,10.4079933389,0,0,2.0815986678,10.4079933389,0,0,3.469331113,0,0,0,0,0,0,0,0,10.4079933389,0,0,0,0,3.469331113,0,0
79118,"C(=O)(O)CCl","oral",0,0,0,0,0,0,0,0,0,0.3174603175,0,0,0,0,0,0,0.3174603175,0,0,0.6349206349,0.6349206349,0,0,0,0,0,0,0,0,0,0,0,0,0,0,0,0,0,0,0
79345,"C(Cl)(Cl)C(Cl)Cl","oral",0,0,0,0,0,0.2383080131,1.0128090557,1.0128090557,0,0.4766160262,0,1.0128090557,1.0128090557,1.0128090557,0,0,0,0,0,0.1191540066,0.1191540066,0,1.9064641049,0.2383080131,0,0,0,0.2383080131,0,0,0,0,0.4766160262,1.9064641049,0,0,0,0,0,0.1191540066
79436,"C(=O)(O)C(Cl)Cl","oral",0,0,0,3.8777726074,0,0.9694431519,0,0,0.9694431519,0.9694431519,15.5110904297,0,0,0,0,0,0,0,0,0.9694431519,0.9694431519,0,0,3.8777726074,0,0,0,0,0,0,0,0,0,0,0,0,0,0,0,0
80057,"c1(C(C)(C)c2ccc(O)cc2)ccc(O)cc1","oral",0,0,0,0,0,0.2574791301,0,0,0,0,0,0,0,0,0,0,0,0,0,0,0,0,0,0,0,0,0,0,0,0,0,0,0,0,0,0,0,0,0,0
80079,"c1(Cl)ccc(S(=O)(=O)c2ccc(Cl)cc2)cc1","oral",0.2263546455,0,0,0,0,0.0661652041,0,0,0,0.0069647583,0,0,0,0,0,0,0,0,0,0.2263546455,0.020894275,0,0,0.2263546455,0,0,0,0.2263546455,0,0,0,0,0,0.0661652041,0,0,0,0,0,0
81492,"c12C(=O)c3c(C(=O)c1c(N)c(Br)cc2Br)cccc3","oral",0,0,0,0,0,0.5142329414,0,0,0,0,0.5142329414,0,0,5.1423294144,0.5142329414,0,0,0,5.1423294144,0.5142329414,0.5142329414,0,0,0,0,0,0,0,0,0,0,0,0,0.5142329414,0,0,0,5.1423294144,0,0
84651,"c12C(=O)c3c(C(=O)c1cccc2)cccc3","oral",0.6483838432,0,0,0,11.2866817156,0.6483838432,0,0.6483838432,0,0.6483838432,0,5.42721291,0,0,0.6483838432,0,0,0,0,0.6483838432,0.6483838432,0,0,2.6655780222,0,0,0,0.6483838432,0,0,0,0,0.6483838432,0,1.3207819029,0,0,0.6483838432,0,0
84742,"C(=O)(c1c(C(=O)OCCCC)cccc1)OCCCC","oral",0,0,0,0,0,2.5866714568,0,0,0,0.6322974672,0,5.5326028382,0,2.5579306628,0,0,0,0,0,1.2897431292,1.2789653314,0,0,2.5866714568,0,0,0,1.2897431292,0,0,0,0,0,0,0,0,0,0,0,0
85687,"C(=O)(c1c(C(=O)OCc2ccccc2)cccc1)OCCCC","oral",0,0,0,0,0,3.0733768728,0,0,0,0,0,0,0,0,0,0,0,0,0.4834165706,1.2197464464,0.4834165706,0,0,0,0,1.2197464464,0,3.0733768728,0,0,0,0,0,0,0,0,0,1.2197464464,0,0
87627,"c1(C)c(N)c(C)ccc1","oral",0,0,0,0,0,1.3203498927,0,0,0,0,0,0,0,0,0,0,0,0,0,0,1.3203498927,0,0,0,0,0,0,0.3300874732,0,0,0,0,0,0,0,0,0,0,0,0.3300874732
88722,"c1(N(=O)=O)c(C)cccc1","oral",0.3208400175,0,0,0,0,0.3208400175,0,0,0,0.3208400175,0,4.9219775412,0,0,0.3208400175,0,0,0,0,0.3208400175,0.3208400175,0,0,1.3052355257,0,0,0,0.3208400175,0,0,0,0,0.6343882164,0,0,0,0,0,0,0.3208400175
88857,"c1(N(=O)=O)c(O)c(C(C)CC)cc(N(=O)=O)c1","oral",0,0,0,0,0,0.1174423788,0,0,0,0.1174423788,0,0,0,0,0,0,0.0391474596,0,0,0.0391474596,0,0,0,0.1174423788,0,0,0,0.0130491532,0,0,0,0,0.0391474596,0,0,0,0,0.0391474596,0,0
89634,"c1(N)c(N(=O)=O)cc(Cl)cc1","oral",0,0,0.2897374978,0,0,4.6357999652,0,0,0.2897374978,2.3178999826,0,0,0,0,0,0,0,0,0,0.2897374978,0.2897374978,0,0,0,0,0,0,1.1589499913,0,0,0,0,0.2897374978,0,0,0,0,0,0,1.1589499913
91156,"C(#N)c1c(C#N)cccc1","oral",0,0,0,0,0,0.195114337,0,0,0,0.195114337,0.0780457348,0,0,0,0,0,0,0,0,0.0624365878,0,0,0,0,0,0,0,0,0,0,0,0,0,0,0,0,0,0,0,0
91236,"c1(OC)c(N(=O)=O)cccc1","oral",0,0,0,0,3.0706496332,3.0706496332,0,0,0,0,0,0,9.2119488996,0,0,0,0,0,0,0.3070649633,0.1023549878,0,0,9.2119488996,0,0,0,1.0235498778,0,0,0,0,3.0706496332,9.2119488996,0,0,0,1.0235498778,0,1.0235498778
91769,"c1(-c2ccccc2)nc(N)nc(N)n1","oral",0,0,0,0.9241452991,0,0.9241452991,0,0,0,0.9241452991,0.9241452991,0,0,0,0.1014957265,0,0,0,0,0.9241452991,0.9241452991,0,0,0,0,0.9241452991,0,0,0,0,0,0,0.1014957265,0,0,0,0,0,0,0
93152,"c1(OC)c(OC)cc(CC=C)cc1","oral",0,0,0,0.5610727711,0,0.0561072771,0,0,0,0.5610727711,0,0,5.6107277114,0,0,0,0,0,0,0,0.5610727711,0,0,0.0561072771,0,0,0,0.5610727711,0.5610727711,0,0,0,0,0.0561072771,0,0,0,0,0,0
94757,"c1(OCC(=O)O)c(Cl)cc(Cl)cc1","oral",0,0,0,0.4524068042,0,0.4524068042,0,1.3572204126,0,0,0,0,1.3572204126,0,0,0,0,0,0,0.4524068042,0.4524068042,0,0,1.3572204126,0,0,0,0.4524068042,0,0,0,0,1.3572204126,1.3572204126,0.4524068042,0,0,0,0,0.4524068042
95487,"c1(O)c(C)cccc1","oral",0,0,0,0,0,10.8720818651,0,10.8720818651,10.8720818651,0,0.3236844539,1.3626342604,0,0,0,0,21.7441637302,0,0,10.8720818651,5.4360409326,0,0,21.7441637302,0,0,0,0,0,0,0,0,0,10.8720818651,0,0,0,0,0,0
95501,"c1(Cl)c(Cl)cccc1","oral",0,0,0,0,0,2.7210884354,0,0,3.4013605442,0.2040816327,0,0,3.4013605442,0,0,0,0,0,0,0.6802721088,0.6802721088,0,0,0,0,0,0,0.4081632653,0,0,0,0,2.7210884354,3.4013605442,0,0,0,3.4013605442,0,0.4081632653
95512,"c1(Cl)c(N)cccc1","oral",0,0,0,0,0,1.2542133731,0,0.6271066865,0,0.1567766716,0.6271066865,0,0,0,0.0783883358,0,0.1567766716,0,0,0.6271066865,0.6271066865,0,0,1.2542133731,0,0,0,0.0783883358,0,0,0,0,0.1567766716,0,0,0,0,0,0,0.0783883358
96184,"C(Cl)(CCl)CCl","oral",0,0,0,0,0,0.4001899206,0,0,0.1356576002,0.0997083362,0,0,0,1.0106491216,0,0,0.01017432,0,0,0.0997083362,0.0997083362,0.4001899206,0,0.4001899206,0,0,0,0,0,0,0,0,0,0,0.7664654412,0,0,0.7664654412,0,0
97994,"C1(CO)CCCO1","oral",0,0,0,0,0,2.3021604074,0,0,0,0,0,0,0,0,0,0,0,0,0,0,0,0,0,7.6738680249,0,0,0,0,0,0,0,0,0,0,0,0,0,0,0,0
98293,"C(C)(C)(C)c1cc(O)c(O)cc1","oral",0,0,0,0,0,0.8723378655,0,0,0,1.5942726507,0,3.3389483817,0,0,0,0,0,0,0,0,3.3389483817,0,0,6.0762844423,0,0,0,0.8723378655,0,0,0,0,0,0,0,0,0,0,0,0
98566,"C(F)(F)(F)c1ccc(Cl)cc1","oral",0,0,0,0.8307487816,0,2.7691626052,0,0,0,0.8307487816,0,0,0,0,0,0,0,0,0,0.0553832521,0.0553832521,0,0,0,0,0,0,0.0553832521,0,0,0,0,0,0,0,0,0,0.8307487816,0,0.0553832521
98737,"C(=O)(O)c1ccc(C(C)(C)C)cc1","oral",0,0,0,0,0,0.1739325591,0.0443247489,0,0,0.0443247489,0.4432474892,0,0,0,0,0,0,0,0,0.0443247489,0.0443247489,0,0,0.0443247489,0,0,0,4.432474892,0,0,0,0,0,0,0,0,0,4.432474892,0,0
98851,"c1(C(C)O)ccccc1","oral",0,0,0,0,0,12.2779733159,0,0,0,0,6.1389866579,0,0,0,0,0,0,0,0,0,0.7612343456,0,0,0,0,0,0,0,0,0,0,0,6.1389866579,0,0,0,0,0,0,0
99081,"c1(N(=O)=O)cc(C)ccc1","oral",0.3572030835,0,0,0,0,2.8576246678,0,0,0,1.4288123339,0,2.8576246678,5.7152493355,0,0.3572030835,0,0,0,0,0.3572030835,2.8576246678,0,0,5.7152493355,0,0,0,0.3572030835,0,0,0,0,0.3572030835,2.8576246678,0,0,0,0,0,0
99990,"c1(N(=O)=O)ccc(C)cc1","oral",0.3572030835,0,0,0,0,2.8576246678,0,0,0,0.7144061669,0,5.7152493355,0,0,0.3572030835,0,0.7144061669,0,0,0.3572030835,2.8576246678,0,0,0.7144061669,0,0,0,0.3572030835,0,0,0,0,0.3572030835,0.3572030835,0,0,0,0,0,0
100470,"C(#N)c1ccccc1","oral",0.7273079907,0,0,0,0,2.9092319628,0,0,0,0,1.4546159814,0,0,0,0,0,0,0,0,0.7273079907,0,0,0,0,0,0,0,0,0,0,0,0,0,0,0,0,0,0,0,0
100527,"c1(C=O)ccccc1","oral",0,0,0,0,0,7.538635507,0,0,7.538635507,0,0,0,0,0,0,0,0,0,0,7.538635507,7.538635507,0,0,0,0,0,0,0,0,0,0,0,0,0,0,0,0,0,0,0
101804,"c1(Oc2ccc(N)cc2)ccc(N)cc1","oral",0,0,0,0,0,0.1498202157,0,0,0,0,0.2497003596,0,0,0,0,0,0,0,0,0,0.4994007191,0,0.4994007191,0.4994007191,0,0,0.1498202157,0,0,0,0,0,0,0,0.1498202157,0,0,0,0,0
101906,"c1(OCC2CO2)cc(OCC2CO2)ccc1","oral",0,0,0,0,0,0.4499640029,0,0,0,0,0,0,0,0,0,0,0,0,0,0,0,0,0,0,0,0,0,0,0,0,0,0,0,0,0,0,0,0,0,0
102067,"c1(NC(=N)Nc2ccccc2)ccccc1","oral",0,0,0,0,0,0.278221757,0,1.112887028,0,0.0927405856,0.556443514,0.278221757,0.278221757,0,0,0,0.556443514,0,0,0.278221757,0.556443514,0,1.112887028,1.112887028,0,0,0,0.0927405856,0,0,0,0,0.556443514,0.556443514,0,0,0,0,0,0.0927405856
103902,"c1(O)ccc(NC(C)=O)cc1","oral",0,0,0,0,0,6.4805528658,0,0,0,0,0,0,12.9611057317,0,0,0,0,0,0,12.9611057317,6.4805528658,12.9611057317,0,6.4805528658,0,0,0,0,0,0,0,0,0,12.9611057317,0,0,0,0,0,0
105602,"C1(=O)CCCCCN1","oral",0.5920820078,0,0,0,0,5.8943089431,0,0,11.7797808413,0,0,0,0,0,0,0,0,0,0,0.5920820078,0.5920820078,0,0,5.8943089431,0,0,0,0,0,0,0,0,0,0,11.7797808413,0,0,0,0,0
106445,"c1(O)ccc(C)cc1","oral",0,0,0,0,5.5483632328,0,0,0,0,1.6182726096,1.6182726096,0,0,0,0,0,0,0,0,0,1.6182726096,0,0,0,0,0,0,1.6182726096,0,5.5483632328,0,0,0,0,0,0,0,0,0,0
106467,"c1(Cl)ccc(Cl)cc1","oral",0,0,0,0,0,2.0408163265,0,8.1632653061,0,2.0408163265,6.1224489796,0,0,0,0,0,0,0,8.1632653061,2.0408163265,6.1224489796,0,0,0,0,0,0,2.0408163265,0,0,0,0,8.1632653061,8.1632653061,0,0,0,8.1632653061,0,0
106478,"c1(Cl)ccc(N)cc1","oral",0,0,0,0,0,0.6271066865,0,0.0391941679,0.6271066865,0,0,0,0,0,0.0391941679,0,0.6271066865,0,0,0.0391941679,0.0391941679,0,0,0,0,0,0,0.0391941679,0,0,0,0,0.0391941679,0,0,0,0,0,0,0.0391941679
106876,"C1(C2CC3C(CC2)O3)CO1","oral",0,0,0,0,0,3.5668426309,0,0,7.1336852618,0,1.7834213155,0,3.5668426309,0,0,0,7.1336852618,0,0,1.7834213155,3.5668426309,0,0,3.5668426309,0,0,0,0,0,0,0,0,0,3.5668426309,0,0,0,0,0,7.1336852618
106898,"C1(CCl)CO1","oral",0,0,0,0,0,0,0,0,0,0,0,0,0,0,0,0,0,0,0,0.2701826435,0.2701826435,0,0,0,0,0,0,0.2701826435,0,0,0,0,0,0,0,0,0,0,0,0
107028,"C(=O)C=C","oral",0,0,0,0,0,0.178348493,0,0.178348493,0,0.013376137,0.0222935616,0,0,0,0,0,0.0891742465,0,0,0.178348493,0.0445871232,0,0,0,0,0,0,0.0891742465,0,0,0,0,0.178348493,0.178348493,0,0,0,0,0,0.0891742465
107062,"C(Cl)CCl","oral",0,0,0,0,0,1.2837500783,0,0,0,0,0,0,0,0,0,0,0,0,0,0.6418750392,0.6418750392,0,0,0,0,0,0,0,0,0,0,0,0,0,0,0,0,0,0,0
107153,"C(N)CN","oral",0,0,0,7.4376039933,0,7.4376039933,0,0,7.4376039933,1.8801996672,0,0,0,0,0,0,7.4376039933,0,0,7.8202995008,7.4376039933,0,0,0,0,0,0,0,0,0,0,0,7.8202995008,0,0,0,0,7.4376039933,0,0
107186,"C(=C)CO","oral",0,0,0,0,0,0,0,0,0,0.2066115702,0,0.4304407713,0,0,0,0,0,0,0,0,0.1033057851,0,0,0,0,0,0,0.1033057851,0,0,0,0,0,0,0,0,0,0,0,0.1033057851
107211,"C(O)CO","oral",0,0,0,0,0,50.4913806992,0,0,50.4913806992,4.0405072537,0,0,0,0,0,0,50.4913806992,0,0,15.2569679394,50.4913806992,0,0,50.4913806992,0,0,0,0,0,0,0,0,0,63.1329258405,0,0,0,0,0,9.6181730304
108316,"C1(=O)C=CC(=O)O1","oral",0,0,0,0,0,0,0,0,0,0,0,0,0,0,0,0,0,0,0,1.0197838058,6.118702835,0,0,0,0,0,0,0,0,0,0,0,0,0,0,0,0,6.118702835,0,0
108394,"c1(O)cc(C)ccc1","oral",0,0,0,0,0,1.3870908082,0,0,1.3870908082,0,1.3870908082,0,0,0,0,0,0,0,0,0,1.3870908082,0,0,0,0,0,0,0,0,0,0,0,0,0,0,0,0,0,0,0
108429,"c1(Cl)cc(N)ccc1","oral",0,0,0,0,0,1.2542133731,0,0.3135533433,0,0.0783883358,0,0,0,0,0.0783883358,0,1.2542133731,0,0,0.3135533433,0.3135533433,0,0,1.2542133731,0,0,0,0.0783883358,0,0,0,0,0.0783883358,1.2542133731,0,0,0,0,0,0
108452,"c1(N)cc(N)ccc1","oral",0,0,0,0,0,0,0,0,0,0,0,0,0,0,0,0,0,0,0,0.166450897,0.166450897,0,0,0,0,0,0,0,0,0,0,0,0,0,0,0,0,0,0,0
108463,"c1(O)cc(O)ccc1","oral",0,0,0,0.2906184724,0,0,0,0,0,2.3612750885,2.3612750885,0,0,0,0,0,0,0,0,0,0.5903187721,0,0,0,0,0,0,0,0,0,0,0,0,0,0,0,0,0,0,0
108781,"c1(N)nc(N)nc(N)n1","oral",0,0,0,0,3.7285068572,7.4570137144,0,0,0,0,0,0,0,0,0,0,0,0,0,0,0,0,0,0,0,0,0,0,0,0,0,0,0,0,0,0,0,0,0,0
108907,"c1(Cl)ccccc1","oral",4.4420753376,0,0,0,0,2.2210376688,0,4.4420753376,0,4.4420753376,0,0,0,0,0,0,0,0,0,4.4420753376,1.1105188344,0,0,0,0,0,0,6.6631130064,0,0,0,0,0.5330490405,6.6631130064,0,0,0,4.4420753376,0,6.6631130064
108952,"c1(O)ccccc1","oral",0,0,0,0,0,13.4990869994,0,0,0,0,0,0,0,0,0,0,0,0,0,0,0,0,0,0,0,0,0,0,0,0,0,0,0,0,0,0,0,0,0,0
109693,"C(Cl)CCC","oral",0,0,0,0,0,2.7006589608,0,0,0,0,2.7006589608,0,0,0,5.4013179216,0,0,0,0,0,0,0,0,0,0,0,0,0,0,0,0,0,0,0,0,0,0,0,0,0
109864,"C(O)COC","oral",0,0,0,0,0,1.7739816032,7.1747700394,0.9198423127,0,0.9198423127,0.9198423127,0,3.9027595269,0,0,0,0,0,0,0,0,7.1747700394,7.1747700394,0.9198423127,0,0,0,0.9198423127,0,0,0,0,1.7739816032,0.9198423127,0,0,0,1.7739816032,0,0.9198423127
110009,"C1C=COC=1","oral",0,0,0,0,0,0.2203290247,0,0,0,0,0.8813160987,0,0.8813160987,0,0,0,0,0,0,0.2203290247,0.0587544066,0,0,0.8813160987,0,0,0,0,0,0,0,0,0,0.4406580494,0,0,0,0,0,0
110690,"C(CCC)=NO","oral",0,0,0,0,0,1.1478420569,0,2.2956841139,0,0.2869605142,0.5739210285,0,0,0,0,0,0,0,0,0,2.2956841139,6.8870523416,6.8870523416,6.8870523416,0,0,0,0.2869605142,0,0,0,0,0.5739210285,6.8870523416,0,0,0,0,0,0.2869605142
110805,"C(O)COCC","oral",0,0,0,0,0,2.2747447847,0,8.7882822903,0,2.2747447847,24.8557478917,8.7882822903,8.7882822903,0,2.2747447847,0,0,0,0,0,8.7882822903,24.8557478917,2.2747447847,2.2747447847,0,0,0,2.2747447847,24.8557478917,0,0,0,4.4385264092,2.2747447847,0,0,0,8.7882822903,0,0
110861,"c1ccccn1","oral",0.6953223767,0,0,0,0,0.6953223767,0,0,0,0.1264222503,0,1.1378002528,0,0,0,0,1.1378002528,0,0,0.6953223767,0.1264222503,0,0,0.6953223767,0,0,0,0.0632111252,0,0,0,0,0,0,0,0,0,0,0,0
110930,"C(C)(C)=CCCC(C)=O","oral",0.3961965135,0,0,0,0,7.9239302694,0,0,0,1.5847860539,7.9239302694,0,0,0,0,0,0,0,0,0.3961965135,7.9239302694,0,0,7.9239302694,0,0,0,0,0,0,0,0,0,0,0,0,0,1.5847860539,0,0
111400,"C(N)CNCCN","oral",0,0,0,7.8352320186,0,3.9176160093,0,0,0,3.9176160093,0,0,0,0,0,0,0,0,0,3.9176160093,3.9176160093,0,0,0,0,0,0,3.9176160093,0,0,0,0,0,0,0,0,0,3.9176160093,0,3.9176160093
111466,"C(O)COCCO","oral",0,0,0,0,0,0,0,0,0,0,0,0,0,0,0,0,0,0,0,2.8269883151,28.2698831511,0,0,0,0,0,0,0,0,0,0,0,0,0,0,0,0,0,0,0
111488,"C(CO)SCCO","oral",0,0,0,40.9232280242,0,40.9232280242,0,0,40.9232280242,0,0,0,0,0,0,0,0,0,0,40.9232280242,40.9232280242,0,0,40.9232280242,0,0,0,0,0,0,0,0,0,0,0,0,0,4.0923228024,0,0
111660,"C(=C)CCCCCC","oral",0,0,0,0,0,0,0,0,0,4.4555337729,0,0,0,0,0,0,0,0,0,4.4555337729,0,0,0,0,0,0,0,0,0,0,0,0,0,0,0,0,0,4.4555337729,0,0
111762,"C(CCC)OCCO","oral",0,0,0,0,0,3.1054323913,0,2.3777288881,0,1.0915552547,0,0,3.1054323913,0,0.5838551362,0,0,0,0,0,0.5838551362,0,0,2.3777288881,0,0,0,0.5838551362,0,0,0,0,1.0915552547,3.1054323913,0,0,0,0.5838551362,0,0.5838551362
111900,"C(O)COCCOCC","oral",0,0,0,0,0,29.2045066845,0,0,29.2045066845,29.810702042,0,0,0,0,0,0,0,0,0,29.2045066845,29.810702042,0,0,29.810702042,0,0,0,29.2045066845,0,0,0,0,29.2045066845,0,29.2045066845,0,0,29.2045066845,0,0
112276,"C(O)COCCOCCO","oral",0,0,0,0,0,25.6292449061,0,0,0,0,0,0,0,0,0,0,0,0,0,25.6292449061,0,0,0,0,0,0,0,10.1345052604,0,0,0,0,0,0,0,0,0,25.6292449061,0,0
112345,"C(CCC)OCCOCCO","oral",0,0,0,0,0,6.1640880232,0,0,0,6.1640880232,0,0,0,0,0,0,0,0,0,6.1640880232,6.1640880232,0,0,0,0,0,0,1.5410220058,0,0,0,0,1.5410220058,0,0,0,0,1.5410220058,0,0
112356,"C(O)COCCOCCOC","oral",0,0,0,0,0,24.3902439024,0,0,0,0,0,0,0,0,0,0,0,0,0,0,2.4390243902,0,0,24.3902439024,0,0,0,0,0,0,0,0,0,0,0,0,0,0,0,0
115297,"C12(Cl)C(Cl)(Cl)C(Cl)(C(Cl)=C1Cl)C1C2COS(=O)OC1","oral",0,0,0,0,0,0,0,0,0.0112795813,0.0055537807,0,0,0,0,0,0,0,0,0,0.0094610867,0.0575283218,0,0,0.0575283218,0,0,0,0.0047182562,0,0,0,0,0,0,0,0,0,0.0094610867,0,0
115322,"C(Cl)(Cl)(Cl)C(O)(c1ccc(Cl)cc1)c1ccc(Cl)cc1","oral",0,0,0,0.0863721018,0,0.0863721018,0,0,0,0.0863721018,0.0863721018,0,0,0,0,0,0,0,0,0,0.0175443332,0,0,0,0,0,0,0,0,0,0,0,0,0,0.001727442,0,0,0,0,0
118967,"c1(N(=O)=O)c(C)c(N(=O)=O)cc(N(=O)=O)c1","oral",0,0,0,0,0,0.550345617,0,0,1.3208294809,0.550345617,0,0,0,0,0,0,0,0,0,0.550345617,0.1100691234,0,0,0.550345617,0,0,0,0.0044027649,0,0,0,0,0.550345617,0,0,0,0,0,0,0
119619,"c1(C(=O)c2ccccc2)ccccc1","oral",0,0,0,0,0,0.53762769,0,4.30102152,0,0.53762769,4.30102152,0,0,0,0,0,0.53762769,0,0,0.53762769,0.53762769,0,8.6020430401,1.07525538,0,0,0,1.07525538,0,0,0,0,0,2.15051076,0,0,0,0,0,0
119846,"c12c(cccc1)CCC(=O)O2","oral",0,0,0,0,0,8.0993520518,0,0,1.0124190065,0.5062095032,0,0,0,0,0,0,0,0,0,4.0496760259,2.024838013,0,0,8.0993520518,0,0,0,2.024838013,0,0,0,0,0,0,0,0,0,0,0,2.024838013
120321,"c1(O)c(Cc2ccccc2)cc(Cl)cc1","oral",1.0974438703,0,0,0,0,0,0,0,2.1948877406,0.1371804838,0,0,0,0,0,0,2.1948877406,0,0,1.0974438703,0,0,0,1.0974438703,0,0,0,0.1371804838,0,0,0,0,0,1.0974438703,0,0,0,0,0,0.1371804838
120821,"c1(Cl)c(Cl)cc(Cl)cc1","oral",0,0,0,0,0,0,0,0,0,0,0,0,0,0,0,0,0,0,0,0.4319273306,0.4319273306,0,0,0,0,0,0,0,0,0,0,0,0,0,0.4319273306,0,0,0,0,0
120832,"c1(O)c(Cl)cc(Cl)cc1","oral",0,0,0,0,0,9.6163452931,0,4.8081726465,0,0,0,0,0,0,0,0,0,0,0,0,0,0,0,0,0,0,0,0,0,0,0,0,0,0,0,0,0,0,0,0
121324,"c1(O)c(OCC)cc(C=O)cc1","oral",0,0,12.0351426164,0,0,0,0,0,0,0,0,0,0,0,0,0,0,0,0,0,6.0175713082,6.0175713082,0,0,0,0,0,0,0,0,0,0,0,0,0,0,0,0,0,0
121697,"c1(N(C)C)ccccc1","oral",0,0,0,0,0,2.0630467074,0,0.5116355834,0,0,2.0630467074,0,0,0,0.2558177917,0,0,0,0,0.2558177917,0.5116355834,0,0,2.0630467074,0,0,0,0,0,0,0,0,0.2558177917,0,0,0,0,0,0,0
121799,"C(=O)(c1cc(O)c(O)c(O)c1)OCCC","oral",0,0,0,0,0,4.6167067706,0,0,0,0,0,0,0,0,2.753403918,0,0,0,9.2334135413,0,0.7054327945,0,0,0,0,0,0,2.753403918,0,0,0,0,0,0,0,0,0,0,0,0
121915,"C(=O)(O)c1cc(C(=O)O)ccc1","oral",0,0,0,0,0,0,0,0,0,0,0,0,0,0,0,0,0,0,0,4.8155059291,0,0,0,0,0,0,0,0,0,0,0,0,0,0,0,0,0,4.8155059291,0,0
122996,"c1(OCCO)ccccc1","oral",0,0,0,0,0,0,0,0,0,3.6179450072,0,0,0,0,0,0,0,0,0,0,3.6179450072,0,0,0,0,0,0,0,0,0,0,0,0,0,0,0,0,0,0,0
123308,"c1(O)ccc(N)cc1","oral",0.4306790067,0,0,0,0,4.2792999175,0,0,4.2792999175,0.4306790067,0,0,1.2187299551,0,0,0,0,0,0,0.4306790067,4.2792999175,0,0,4.2792999175,0,0,4.2792999175,4.2792999175,0,0,0,0,0,0,4.2792999175,0,0,0,0,0
123319,"c1(O)ccc(O)cc1","oral",0.9081827264,0,0,0,0,0,0,0,0,0,1.8163654527,0,0,0,0,0,0,0,0,0.9081827264,0.2270456816,0,0,0,0,0,0,0,0,0,0,0,0,0,0,0,0,0,0,0
123513,"C(C)(C)CCO","oral",0,0,0,0,0,0,0,0,0,0,0,0,0,0,0,0,0,0,0,0,0,0,0,0,0,0,0,14.1803743619,0,0,0,0,0,0,0,0,0,0,0,0
123773,"C(N)(=O)N=NC(N)=O","oral",0,0,0,0,0,0,0,0,0,0,0,0,0,0,0,0,0,0,0,21.5368711234,0,0,0,0,0,0,0,0,0,0,0,0,0,0,0,0,0,0,0,0
123911,"C1COCCO1","oral",0,0,0,0,0,86.2558165929,0,0,17.0241743275,37.4531835206,0,0,0,0,0,0,0,0,0,17.0241743275,17.0241743275,0,0,0,0,0,0,0,0,0,0,0,0,0,0,17.0241743275,0,37.4531835206,0,0
125122,"C1(C)(C)C2(C)C(OC(C)=O)CC1CC2","oral",0,0,0,0,0,0,0,0,0,0,0,0,0,0,0,0,0,0,1.3755158184,1.3755158184,1.3755158184,0,0,0,0,0,0,0,0,0,0,0,0,0,0,0,0,0.4585052728,0,0
126716,"C(C)(C)COP(=O)(OCC(C)C)OCC(C)C","oral",0,0,0,0,0,0,0,0,0,1.367152298,0,0,0,0,0,0,0,0,0,0,0,0,0,0,0,0,0,0.256833884,0,0,0,0,0,0,0,0,0,0,0,0.256833884
126738,"C(CCC)OP(=O)(OCCCC)OCCCC","oral",0,0,0,0,0.2816161009,1.4080805047,0,0,0,1.4080805047,0,0,0,0,0,0,0,0,0,0,0.2816161009,0,0,0,0,0,0,1.4080805047,0,0,0,0,0,0,0,0,0,0,0,0
126987,"C(#N)C(=C)C","oral",0,0,0,0,0,0.8943210613,0,0,0,0.1117901327,0.1117901327,0.8943210613,0,0,0,0,0.2235802653,0,0,0.8943210613,0.1117901327,0,0,0.8943210613,0,0,0,0.8943210613,0,0,0,0,0,0.8943210613,0,0,0,0,0,0.8943210613
127184,"C(Cl)(Cl)=C(Cl)Cl","oral",0,0,0,0,0,2.4121087861,0,0,0,2.4121087861,0,0,0,0,0,0,0,0,0,2.4121087861,8.4423807514,0,0,0,0,0,0,0,0,0,0,0,0,0,0,0,0,0,0,0
129793,"c12C(=O)c3c(c(N(=O)=O)cc(N(=O)=O)c3)-c1ccc(N(=O)=O)c2","oral",0,0,0,0.9945839358,0,0.2486459839,1.9891678715,0,0.2486459839,0.9945839358,0,0,3.9783357431,0,0.2486459839,0,1.9891678715,0,0.4972919679,0.2486459839,0.2486459839,1.9891678715,3.9783357431,0.2486459839,0,0,1.9891678715,0.9945839358,0,1.9891678715,0.2486459839,0,0.2486459839,0.2486459839,0.2486459839,0,0,0.2486459839,0.4972919679,0
131179,"C(=O)(c1c(C(=O)OCC=C)cccc1)OCC=C","oral",0,0,0,0,0,1.6242335648,0,0,0,0,0,0,0,0,0,0,0,0,1.6242335648,1.6242335648,0.2030291956,0,0,0,0,0,0,0,0,0,0,0,0,0,0,0,0,0,0,0
135886,"c12c(cc(Nc3ccccc3)cc1)cccc2","oral",3.5741159311,0,0,0,0,1.7870579656,0,7.1482318623,0,0,0,0,0,0,0,0,0,0,0,3.5741159311,1.7870579656,0,0,14.2964637246,0,0,0,0,0,0,0,0,14.2964637246,14.2964637246,0,0,0,0,0,0
136776,"c1(CCCCCC)c(O)cc(O)cc1","oral",0,0,0,0,0,1.2868687909,0,0,0,0,0,0,0,0,0,0,0,0,0,0,0,0,0,0,0,0,0,0,0,0,0,0,0,0,0,0,0,0,0,0
140114,"c1(COC(C)=O)ccccc1","oral",0,0,0,0,0,13.0465465006,0,0,26.0930930012,6.5232732503,13.0465465006,0,0,0,0,0,0,0,0,26.0930930012,13.0465465006,0,0,6.5232732503,0,0,0,0,0,26.0930930012,0,0,0,0,0,0,0,0,0,0
140885,"C(=O)(C=C)OCC","oral",0,0,0,0,0,0,0,0,0,0,0,0,0,0,0,0,0,0,1.0986815821,0,0,0,0,0,0,0,0,0,0,0,0,0,0,0,0,0,0,0,0,0
142836,"C(=O)C=CC=CC","oral",0,0,0,0,0,0.3120773952,0,0,0,0.0780193488,0,0,0,0,0,0,1.2483095808,0,0,1.2483095808,1.2483095808,0,0,0.6241547904,0,0,0,1.2483095808,0,0,0,0,1.2483095808,0,0,0,0,0,0,0
151213,"C(CCCCCCCCCCC)OS(=O)(=O)O{-}.[Na]{+}","oral",0,0,0,0,0,0,0,0,0,1.516551483,0,0,0,0,0,0,0,0,0,1.516551483,0.7582757415,0,0,6.0932872084,0,0,0,0,0,0,0,0,0,0,0,0,0,0,0,0
156605,"C(Cl)=CCl","oral",0,0,0,0,0,40.4193987305,0,0,0,0,0,0,0,0,0,0,0,0,0,12.9654461062,5.0524248413,0,0,0,0,0,0,2.5262124206,0,0,0,0,0,0,0,0,0,0,0,0
271896,"c12c(C=CO1)cccc2","oral",2.116133401,0,0,0,0,1.0580667005,0,0,0,0,0.2624005417,0,0,0,0,0,0,0,0,2.116133401,1.0580667005,0,0,0,0,0,0,0,0,0,0,0,0,0,0,0,0,0,0,0
288324,"C1=CN=CN1","oral",2.6439482961,0,0,0,0,0,0,0,0,2.6439482961,0,0,0,0,0,0,0,0,0,2.6439482961,2.6439482961,0,0,0,0,0,0,0,0,0,0,0,0,0,0,0,0,2.6439482961,0,0
333415,"c1(C(C)C)nc(OP(=S)(OCC)OCC)cc(C)n1","oral",0,0,0,0,0,0.5519960572,0,0,0,0.0009857072,0.5519960572,0,0,0,0,0,0,0,0,0.5519960572,0.0492853622,0,0,0,0,0,0,0.5519960572,0,0,0,0,0,0,0,0,0,0,0,0.5519960572
446720,"c1(C2C(=O)c3c(O)cc(O)cc3OC=2)ccc(O)cc1","oral",0,0,0,1.8502072232,0,1.8502072232,0,0,0,1.8502072232,0,0,1.8502072232,0,0,0,1.8502072232,0,0,1.8502072232,1.8502072232,0,0,1.8502072232,0,0,0,1.8502072232,0,0,0,0,0,0,1.8502072232,0,0,0,0,0
479458,"c1(N(=O)=O)c(N(C)N(=O)=O)c(N(=O)=O)cc(N(=O)=O)c1","oral",0,0,0,0,0,0.2729347524,0,0,0,0,0,0,0,0,0,0,0,0,0,0.2729347524,0.2729347524,0,0,0,0,0,0,0.2729347524,0,0,0,0,0.2729347524,0,0,0,0,0,0,0
505602,"C(Cl)CSCCCl","oral",0,0,0,0,0,0.0018859622,0,0,0,0.0018859622,0,0,0,0,0,0,0,0,0,0,0,0,0,0,0,0,0,0,0,0,0,0,0,0,0,0,0,0,0,0
534521,"c1(N(=O)=O)c(O)c(C)cc(N(=O)=O)c1","oral",0,0,0,0,0,0.0252346825,0,0,0,0.0126173413,0,0.0126173413,0.1009387302,0,0,0,0,0,0,0,0,0,0,0.1009387302,0,0,0,0,0,0,0.1009387302,0,0,0.1009387302,0.0126173413,0,0,0,0,0
541731,"c1(Cl)cc(Cl)ccc1","oral",0,0,0,0,0,4,0,0,0,0.0612244898,0,0,0,0,0,0,0,0,0,0,4,0,0,0,0,0,1,4,0,0,0,0,0,0,0.0612244898,0,0,0,0,4
552307,"C1(=O)c2c(C(=O)O1)cc(C(=O)O)cc2","oral",0,0,0,0,0,0,0,0,0,0,0,0,0,0,0,0,0,0,0,0,0,0,0,0,0,0,0,0,0,0,0,0,0,0,0,0,0,0,0,0.4079176294
556525,"C1(CO)CO1","oral",0,0,0,0,0,0.6749460043,0,0,2.6997840173,0,0,0,0,0,0,0,0,0,0,5.3995680346,0,0,0,0.3374730022,0,0,0,0,0,0,0,0,0,5.3995680346,0,0,0,0,0,0
563473,"C(=C)(C)CCl","oral",0,0,0,0,0,2.2087244616,0,0,0,0,0,0,0,0,0,0,0,0,0,0,3.3130866924,0,0,0,0,0,0,0,0,0,0,0,0,0,0,0,0,0,0,0
591877,"C(C)(=O)OCC=C","oral",0,0.9988014383,0,0,0,0.0599280863,0,0.9988014383,0,0.0599280863,0.9988014383,0,0,0,0.2497003596,0,0,0,0.9988014383,0.4994007191,0.2497003596,0.9988014383,0,0,0,0,0,0.2497003596,0,0,0,0,0.9988014383,0.9988014383,0,0,0,0,0,0.2497003596
599791,"C(=O)(O)c1c(O)ccc(N=Nc2ccc(S(=O)(=O)Nc3ccccn3)cc2)c1","oral",0,0,0,0,0,0.2108486659,0,0,0,0,0,0.8471598183,0,0,0,0,0,0,0,0.8471598183,0,0,0,0.2108486659,0,0,0.8471598183,0,0,0,0,0,0,0,0.4237054143,0,0,0,0,0
606202,"c1(N(=O)=O)c(C)c(N(=O)=O)ccc1","oral",0,0,0,0,0,0.192159877,0,0,0,0.192159877,0,0,0,0,0.192159877,0,0,0,0,0,0.192159877,0,0,0.192159877,0,0,0,0.192159877,0,0,0,0,0,0,0,0,0,0,0,0
630206,"C(Cl)(Cl)(Cl)CCl","oral",0,0,0,0,0,2.9788501638,0,0,0,0,0.5957700328,0,0,0,0,0,0,0,0,0,0,0,0,0,0,0,0,0,0,0,0,0,0,0,0,0,0,0,0,0
631641,"C(=O)(O)C(Br)Br","oral",0,0,0,0,0,0.7619572202,0,0,0,0.0459010374,0,0,0,0,0.4268796475,0,0.7619572202,0,0,0.1836041495,0.0459010374,0,0,0.1836041495,0,0,0.7619572202,0.4268796475,0,0,0,0,0,0.4268796475,0,0,0,0,0,0.4268796475
693981,"C1(C)=NC=CN1","oral",0,0,0,6.8209500609,0,1.9488428745,0,0,0,0.4872107186,0,3.6540803898,6.8209500609,0,0,0,3.6540803898,0,0,0.4872107186,0,0,0,0.4872107186,0,0,0,1.9488428745,0,0,0,0,0.4872107186,6.8209500609,0.9744214373,0,0,0,0,0
822366,"C1(C)=CNC=N1","oral",0,0,0,0,0,1.9486055292,0,0,0,1.9486055292,3.6536353672,3.6536353672,6.8201193521,0,0,0,0,0,0,3.6536353672,1.9486055292,0,6.8201193521,0.9743027646,0,0,0,0.4871513823,0,0,0,0,1.9486055292,0,6.8201193521,0,0,0,0,0
836306,"c1(Nc2ccccc2)ccc(N(=O)=O)cc1","oral",0,0,0,0,0,1.1669700789,0,0,0,0,0,0,0,0,0,0,0,0,0,1.1669700789,0,0,0,0,0,0,0,0.4667880316,0,0,0,0,0,0,0,0,0,0,0,0
868859,"COP(=O)OC","oral",0,0,0,0,3.6347114948,1.8173557474,0,0,0,0,0,0,0,0,0,0,0,0,0,0,0,0,0,0,0,0,0,0,0,0,0,0,0,0,0,0,0,0,0,0
947046,"C1(=O)CCCCCCCCCCCN1","oral",0,0,0,0,0,0,0,0,0,0.6334887492,0,0,0,0,0,0,0,0,0,0,0.1266977498,0,0,0,0,0,0,0,0,0,0,0,0,0,0,0,0,0.6334887492,0,0
1241947,"c1(OP(=O)(Oc2ccccc2)OCC(CCCC)CC)ccccc1","oral",0,0,0,1.3516351776,0,1.3516351776,0,0,0,1.3516351776,0,0,1.3516351776,0,0,0,0,0,0,0,1.3516351776,0,0,0,0,0,0,0,0,0,0,0,0,0,0,0,0,0,0,0
1300727,"c1(C)c(C)cc(S(=O)(=O)O{-}.[Na]{+})cc1","oral",0,0,0,0,0,3.7327343115,0,0,0,0.6691201071,0,0,0,0,0,0,0,0,0,0,18.1618314773,0,0,0,0,0,0,18.1618314773,0,0,0,0,21.029489079,0,0,0,0,21.029489079,0,0
1338392,"C(=O)(CCCCCCCCCCC)OCC(O)C1C(O)C(O)CO1","oral",0,0,0,5.6552859016,0,5.6552859016,0,0,5.6552859016,0,0,0,0,0,0,0,22.6211436063,0,11.3105718032,5.6552859016,11.3105718032,0,0,22.6211436063,0,0,22.6211436063,5.6552859016,0,0,0,0,0,0,0,0,0,5.6552859016,0,5.6552859016
1506021,"C1(C)(C)c2c(C(C)(C)C(C)C1)cc(C)c(C(C)=O)c2","oral",0,0,0,0,0,0,0,0,0,0.193490964,0,0,0,0,0,0,0,0,0,0,0,0,0,0,0,0,0,0.0193490964,0,0,0,0,0,0,0,0,0,0,0,0
1634044,"C(C)(C)(C)OC","oral",0,0,0,0,0,0,0,0,0,1.134429949,0,0,0,0,0,0,0,0,0,3.4032898469,10.2098695406,0,0,0,0,0,0,0,0,0,0,0,0,0,0,0,0,0,0,0
1847581,"C(=O)(CS(=O)(=O)O{-}.[Na]{+})OCCCCCCCCCCCC","oral",0,0,0,0,0,0.7575757576,0,0,0,0.2272727273,0.7575757576,0,0,0,0,0,0,0,0,0,2.2727272727,0,0,0,0,0,0,0,0,0,0,0,0,0,0,0,0,2.2727272727,0,2.2727272727
1854268,"C1(=O)N(CO)C(O)C(O)N1CO","oral",0,0,0,0,0,16.835016835,0,0,0,0,0,0,0,0,0,0,33.67003367,0,0,0,0,0,0,33.67003367,0,0,0,0,0,0,0,0,0,0,0,0,0,0,0,0
1897456,"C(#N)c1c(Cl)c(C#N)c(Cl)c(Cl)c1Cl","oral",0,0,0,0,0,0,0,0,0,0,0,0,0,0,0,0,0,0,0,0.0112820127,0,0,0,0,0,0,0,0,0,0,0,0,0,0,0,0,0,0,0,0
2432997,"C(=O)(O)CCCCCCCCCCN","oral",0,0,0,0,0,7.0076889101,0,0,0,0,0,0,0,0,0,0,0,0,0,3.503844455,0,0,0,0,0,0,0,0,0,0,0,0,0,0,0,0,0,0,0,0
2835394,"C(=O)(CC(C)C)OCC=C","oral",0,0,0,1.7580872011,1.7580872011,0.8790436006,0,0,0,0,1.7580872011,0,0,0,0,0,0,0,1.7580872011,0,0.2180028129,1.7580872011,0,0,0,0,0,0,0,0,0,0,0,0,0,0,0,0,0,0
2855132,"C1(C)(C)CC(C)(CN)CC(N)C1","oral",0,0,0,0,0,0.9395184968,0,0,0,0,0,0,0,0,0,0,0,0,0,0.9395184968,0.3523194363,0,0,0,0,0,0,0,0,0,0,0,0,0,0,0,0,0,0,0.3523194363
3207123,"C(C)(C)(N)CO_Cl","oral",0,0,0,0,0,0,0,0,0,0.0151273885,0,0,0,0,0,0,0,0,0,1.5127388535,1.5127388535,0,0,0,0,0,0,0,0,0,0,0,0,0,0,0,0,0,0,0
3926623,"C(=O)(CCl)O{-}.[Na]{+}","oral",0,0,0,0,0,0,0,0,0,0.1287774725,0,0,0,0,0,0,0,0,0,0.1287774725,0.5151098901,0,0,0,0,0,0,0,0,0,0,0,0,0,0,0,0,0,0,0
4180238,"c1(C=CC)ccc(OC)cc1","oral",0,0,0,1.0120774577,0,2.0241549153,0,0,1.0120774577,2.0241549153,0,0,1.0120774577,0,0,0,1.0120774577,0,0,1.0120774577,1.0120774577,0,1.0120774577,1.0120774577,0,0,1.0120774577,6.072464746,0,0,0,0,1.0120774577,1.0120774577,1.0120774577,0,0,0,0,0
5216251,"C(Cl)(Cl)(Cl)c1ccc(Cl)cc1","oral",0,0,0,0,0,0.0543667363,0,0,0,0,0.0543667363,0,0,0,0,0,0,0,0,0,0.1087334725,0,0,0.0543667363,0,0,0,0.0543667363,0,0,0,0,0,0,0,0,0,0,0,0.0543667363
5407045,"C(Cl)CCN(C)C_Cl","oral",0,0,0,0,0,0.3162555345,0,0,0,0.3162555345,0.3162555345,0,0,0,0,0,0,0,0,0,0,0,0,0.3162555345,0,0,0,0,0,0,0,0,0,0,0,0,0,0,0,0
5989275,"C(=C)(C)C1CC=C(C)CC1","oral",1.1009982384,0,0,0,0,4.4039929536,0,0,0,0,8.8079859072,0,0,0,0,0,0,0,0,1.1009982384,0,0,0,0,0,0,0,0,0,0,0,0,0,0,0,0,0,0,0,0
6864375,"C1(N)C(C)CC(CC2CC(C)C(N)CC2)CC1","oral",0,0,0,0.050331348,0,0.050331348,0,0,0,0.050331348,0,0,0,0,0,0,0.050331348,0,0,0.050331348,0.050331348,0,0.2516567402,0.2516567402,0,0,0,0.2516567402,0,0,0,0,0,0,0,0,0,0,0,0.2516567402
7585399,"C1(O)C(O)C(O)C(OC2C(O)C(O)C(OC3C(O)C(O)C(OC4C(O)C(O)C(OC5C(O)C(O)C(OC6C(O)C(O)C(OC7C(O)C(O)CC(CO)O7)C(CO)O6)C(CO)O5)C(CO)O4)C(CO)O3)C(CO)O2)C(CO)O1","oral",0,0,0,0,0,0,0,0,0,0,0,0,0,0,0,0,0,6.8929827738,0.8616228467,0,6.8929827738,6.8929827738,0,0,0,0,0,0,0,0,0,0,0,0,0,0,0,0,0,0
10016203,"C12C(O)C(O)C(C(CO)O1)OC1C(O)C(O)C(C(CO)O1)OC1C(O)C(O)C(C(CO)O1)OC1C(O)C(O)C(C(CO)O1)OC1C(O)C(O)C(C(CO)O1)OC1C(O)C(O)C(C(CO)O1)O2","oral",0,0,0,0,0,10.2880658436,0,0,0,10.2880658436,0,0,0,0,0,0,0,0,2.5720164609,0,10.2880658436,0,0,0,0,0,0,0,0,0,0,0,10.2880658436,0,0,0,0,10.2880658436,0,10.2880658436
14371109,"c1(C=CC=O)ccccc1","oral",0,0,0,0,0,2.431372412,0,0,0,2.431372412,0,0,0,0,0,0,4.8627448239,0,0,4.8627448239,0,0,0,9.784791414,0,0,0,2.431372412,0,0,0,0,0,0,0,0,0,0,0,2.431372412
17465860,"C12C(O)C(O)C(C(CO)O1)OC1C(O)C(O)C(C(CO)O1)OC1C(O)C(O)C(C(CO)O1)OC1C(O)C(O)C(C(CO)O1)OC1C(O)C(O)C(C(CO)O1)OC1C(O)C(O)C(C(CO)O1)OC1C(O)C(O)C(C(CO)O1)OC1C(O)C(O)C(C(CO)O1)O2","oral",0,0,0,7.7093869495,0,7.7093869495,0,0,0,7.7093869495,0,0,0,0,0,0,0,0,1.9273467374,0,7.7093869495,0,0,0,0,0,0,0,0,0,0,0,0,0,0,0,0,7.7093869495,0,0
17924924,"C1(=O)c2c(C={t}CCCCC(=O)CCCC{P+}(C)O1)cc(O)cc2O","oral",0,0,0,0,0,0.0246177956,0.0073853387,0,0,0,0,0,0.0738533869,0,0,0,0,0,0,0,0,0,0.0246177956,0.0738533869,0.7385338686,0,0.2461779562,0,0,0,0,0,0,0,0,0,0,0,0,0
23696288,"C(=O)(c1c(C)n(=O)c2c(cccc2)n1=O)NCCO","oral",0,0,0,0.0189926309,0,0,0,0,0,0,0,0,0.0189926309,0,0,0,0,0,0,0,0,0,0,0,0,0,0,0,0,0,0,0,0,0,0,0,0,0,0,0
25154523,"c1(O)ccc(CCCCCCCCC)cc1","oral",0,0,0,0,0,0.6353240152,0,0,0,0.6353240152,0,0,0,0,0,0,0,0,0,0.6353240152,0.6353240152,0,0,0,0,0,0,0,0,0,0,0,0,0,0,0,0,0,0,0
26628228,"N{-}=N{+}=N{-}.[Na]{+}","oral",0,0,0,0,0,0.1537988311,0,0,0.3075976623,0,0.3075976623,0,0,0,0,0,0,0,0,0,0.0192248539,0,0,0,0,0,0,0,0,0,0,0,0,0,0,0,0,0,0,0
29232937,"c1(OP(=S)(OC)OC)cc(C)nc(N(CC)CC)n1","oral",0,0,0,0,0,0.0205346908,0,0,0.0205346908,0.0205346908,0,0,0,0,0,0,0,0,0,0,0,0,0,0,0,0,0,0,0,0,0,0,0,0,0,0,0,0,0,0
29911271,"C(C)(O)COC(C)COCCC","oral",0,0,0,0,0,0,0,0,0,2.8367184841,0,0,0,0,0,0,0,0,0,0,2.8367184841,0,0,0,0,0,0,0,0,0,0,0,0,0,0,0,0,2.8367184841,0,0
39156417,"c1(OC)c(N{+}.O{-}S(=O)(=O)O{-})cc(N{+})cc1","oral",0,0,0,0,0,0.0973586184,0,0,0,0,0,0,0,0,0.0973586184,0,0,0,0,0.0973586184,0.0973586184,0,0,0,0,0,0,0.0973586184,0,0,0,0,0.0973586184,0,0,0,0,0,0,0.0973586184
55406536,"C(I)#CCOC(=O)NCCCC","oral",0,0,0,0,0,0.4446974279,0,0,0,0,0,0,0,0,0,0,0,0,0,0,0.4446974279,0,0,0,0,0,0,0,0,0,0,0,0,0,0,0,0,0,0,0
57960197,"C1(OC(C)=O)C(=O)c2c(C(=O)C=1CCCCCCCCCCCC)cccc2","oral",0,0,0,0,0,0,0,0,0,0.3289986996,0,0,0,0,0,0,0,0,0,0,0,0,0,0,0,0,0,0,0,0,0,0,0,0,0,0,0,0,0,0.3289986996
66246886,"c1(Cl)c(C(CCC)CN2C=NC=N2)ccc(Cl)c1","oral",0,0,0,0,0,0.7118477075,0,0,0.7118477075,0.0073894226,0,0,0,0,0,0,0,0,0,0.7118477075,0.0073894226,0,0,0.7118477075,0,0,0,0,0,0,0,0,0,0.7118477075,0,0,0,0,0,0
85509199,"c1([Si](C)(c2ccc(F)cc2)CN2C=NC=N2)ccc(F)cc1","oral",0,0,0,0,0.0700697527,0.0982878884,0,0,0,0.0856055802,0,0,0,0,0,0,0,0,0,0,0.0700697527,0,0,0,0,0,0,0,0,0,0,0,0,0,0,0,0,0,0,0
132739312,"C(C)(C)(C)OCC(C)OC(C)CO","oral",0,0,0,5.2548607462,0,0,0,0,0,5.2548607462,5.2548607462,0,0,0,0,0,0,0,0,1.3137151865,5.2548607462,0,0,0,0,0,0,0,0,0,0,0,0,0,0,0,0,0,0,0
50000,"C=O","inhalation",0,0,0,0,0,0.0946023673,0,0,0,0,0,0,0,0,0,0,0,0,0,0,0,0,0,0,0,0,0,0,0,0,0,0,0,0,0,0,0,0,0,0
55312,"c1(O)c(O)cc(C(O)CNC)cc1_Cl","inhalation",0,0,0,0.0413843906,0,0.0413843906,0,0,0,0,0,0,0,0,0,0,0.0413843906,0,0,0,0,0,0,0,0,0,0,0,0,0,0,0,0,0,0,0,0,0,0,0
57556,"C(C)(O)CO","inhalation",0,0,0,0,0,6.5711657248,0,0,0,6.5711657248,0,0,0,0,0,0,0,0,0,0,0,0,0,0,0,0,0,0,0,0,0,0,0,0,0,0,0,0,0,6.5711657248
64186,"C(=O)O","inhalation",0,0,0,0,0,0.1487265291,0,0,0,0.0743632645,0,0,0,0,0,0,0,0,0,0,0.5949061165,0,0,0,0,0,0,0.0743632645,0,0,0,0,0,0,0,0,0,0,0,0
67630,"C(C)(C)O","inhalation",0,0,0,0,0,0,0,0,0,0,13.9540160339,0,0,0,0,0,0,0,0,46.5133867795,0,0,0,0,0,0,0,0,0,0,0,0,0,0,0,0,0,0,0,0
67663,"C(Cl)(Cl)Cl","inhalation",0,0,0,0,0,0.0951887784,0,0,0,0,0,0,0,0,0,0,0,0,0,0.2855663351,0.8566990054,0,0,0,0,0,0,0,0,0,0,0,0,0,0,0,0,0,0,0
71432,"c1ccccc1","inhalation",0,0,0,0,0,0,0,2.7886224206,0,0,0,0,0,0,0,0,0,0,0,0,0,0,0,0,0,0,0,0,0,0,0,0,0,0,0,0,0,0,0,2.7886224206
74964,"C(C)Br","inhalation",0,0,0,0,0,14.8726529094,0,14.8726529094,14.8726529094,0,14.8726529094,0,14.8726529094,0,0,14.8726529094,0,0,0,0,7.4363264547,0,0,14.8726529094,0,0,0,0,14.8726529094,14.8726529094,0,14.8726529094,14.8726529094,0,0,0,0,0,0,0
75003,"C(C)Cl","inhalation",0,0,0,0,0,23.238520171,0,0,0,0,0,0,0,0,0,0,0,0,0,0,176.6127532999,0,0,0,0,0,0,0,0,0,0,0,0,0,0,0,0,0,0,0
75058,"C(C)#N","inhalation",0,0,0,0,0,0.9295408068,0,7.4363264548,7.4363264548,0,7.4363264548,0,14.8726529094,0,0,0,3.7181632273,0,0,14.8726529094,3.7181632273,0,0,0,0,0,0,7.4363264548,0,0,0,0,14.8726529094,7.4363264548,14.8726529094,0,0,0,0,0.9295408068
75525,"CN(=O)=O","inhalation",0,0,0,0,0,13.9625282973,0,1.7499702133,0,6.9812641488,3.4924937448,0,0,0,0,0,0,0,0,0,0,0,0,6.9812641488,0,0,0,0.8749851067,0,0,0,3.4924937448,0,0,0,0,0,0,0,0
78842,"C(=O)C(C)C","inhalation",0,0,0,0,0,37.1816322736,0,0,37.1816322736,4.6477040343,37.1816322736,37.1816322736,0,0,0,0,0,0,0,37.1816322736,37.1816322736,0,0,4.6477040343,0,0,0,4.6477040343,0,0,0,0,0,37.1816322736,0,74.3632645474,0,0,0,4.6477040343
78853,"C(=C)(C)C=O","inhalation",0,0,0,0,0,0.1426737052,0,0,0,0,0.0453961789,0,0,0,0,0,0,0,0,0,0,0,0,0,0,0,0,0,0,0,0,0,0,0,0,0,0,0,0,0
78933,"C(C)(=O)CC","inhalation",0,0,0,0,0,11.8064573063,0,0,46.6459071369,46.6459071369,0,0,0,0,0,0,0,0,0,46.6459071369,11.8064573063,0,0,0,0,0,0,46.6459071369,0,0,0,0,46.6459071369,0,0,0,0,0,0,0
79221,"C(=O)(Cl)OC","inhalation",0,0,0,0,0,0.0743632646,0,0,0,0,0,0,0,0,0,0,0,0,0,0,0,0,0,0,0,0,0,0,0,0,0,0,0,0,0,0.0371816323,0,0,0,0
79414,"C(=O)(O)C(=C)C","inhalation",0,0,0,0,0,2.827379381,0,0,0,2.827379381,0,0,0,0,0,0,0,0,0,0,2.827379381,2.827379381,0,0,0,0,0,0,0,0,0,0,0,0,0,0,0,0,0,0
80626,"C(=O)(C(=C)C)OC","inhalation",0,0,0,0,0,18.5908161368,0,46.4770403421,9.2954080684,0,0,0,0,0,0,0,0,0,0,0,0,0,0,0,0,0,0,0,0,0,0,0,46.4770403421,0,0,0,0,0,0,0
88120,"C1(=O)CCCN1C=C","inhalation",0,0,0,0,0,0,0,0,0,0.0470332259,1.1308423446,0,0,0,0,0,0,0,0,0,0,0,0,0,0,0,0,0.0470332259,0,0,0,0,0,0,0,0,0,1.1308423446,0,0
88733,"c1(Cl)c(N(=O)=O)cccc1","inhalation",0,0,0,0,0,0,0,0,0,0.1673173452,0,0,0,0,0,0,0,0,0,0.0102249489,0.0213794386,0,0,0,0,0,0,0.0102249489,0,0,0,0,0.0418293363,0,0,0,0,0,0,0
96333,"C(=O)(C=C)OC","inhalation",0,0,0,0,0,1.169494926,0,0,0,0,0,0,0,0,0,0,0,0,0,0,1.169494926,0,0,0,0,0,0,0,0,0,0,0,0,0,0,2.2809110972,0,0,0,0
98000,"C1(CO)=CC=CO1","inhalation",0,0,0,0,0,0.297470114,0,0,0,0,0,0,0,0,0,0,0,0,0,0,0.297470114,0,0,0.148735057,0,0,0,0,0,0,0,0,0,0,0,0,0,0,0,0
98828,"c1(C(C)C)ccccc1","inhalation",0,0,0,4.6477040342,0,0,0,0,0,4.6477040342,0,0,0,0,0,0,0,0,0,4.6477040342,4.6477040342,0,0,0,0,0,0,0,0,0,0,0,0,0,0,0,0,0,0,4.6477040342
98839,"C(=C)(C)c1ccccc1","inhalation",0.6971261097,0,0,0,0,0,0,0,0,2.7885044386,0,0,0,0,0,0,0,0,0,0.6971261097,1.3942522192,0,0,0,0,0,0,1.3942522192,0,0,0,0,0,0,0,0,0,1.3942522192,0,0
100005,"c1(Cl)ccc(N(=O)=O)cc1","inhalation",0.0139431121,0,0,0,0,0,0,0.0278862242,0,0.0557724484,0,0,0,0,0.0139431121,0.0278862242,0,0,0,0.0139431121,0.0278862242,0,0,0.2230897937,0,0,0,0.0139431121,0,0,0,0,0.0139431121,0,0,0,0,0,0,0
100378,"C(O)CN(CC)CC","inhalation",0,0,0,0,0,0.6971556052,0,0,0,0,0,0,0,0,0,0,0,0,0,0.6971556052,0.6971556052,0,0,0,0,0,0,0,0,0,0,0,0,0,0,0,0,0,0,0
100403,"C(=C)C1CC=CCC1","inhalation",0,0,0,0,0,13.9431121026,0,0,0,0,2.3238520171,0,13.9431121026,0,0,0,0,0,0,2.3238520171,9.2954080684,0,0,13.9431121026,0,0,0,0,0,0,0,0,0,0,0,0,0,0,0,0
100414,"c1(CC)ccccc1","inhalation",0,0,0,0,0,0,0,0,0,0,0,0,0,0,0,0,0,0,0,2.3204637502,2.3204637502,0,0,0,0,0,0,0,0,0,0,0,0,0,0,0,0,0,0,0
100425,"c1(C=C)ccccc1","inhalation",0,0,0,0,0,13.9431121026,0,0,0,0,0,0,0,0,0,0,0,0,0,0,0,0,0,0,0,0,0,0,0,0,0,0,0,0,0,0,0,0,0,0
103117,"C(=O)(C=C)OCC(CCCC)CC","inhalation",0,0,0,0.9249758273,0,0.2774927482,0,0,0,0.2774927482,0.2774927482,0,0,0,0,0,0,0,0,0,0.9249758273,0,0,0,0,0,0,0,0,0,0,0,0,0,0,0,0,0,0,0
104767,"C(CCCC)(CC)CO","inhalation",0,0,0,0,0,0,0,0,0,0.139431121,0,0,0,0,0,0,0,0,0,0,0,0,0,0,0,0,0,0,0,0,0,0,0,0,0,0,0,0,0,0
106887,"C1(CC)CO1","inhalation",0,0,0,0,0,7.4370997831,0,0,0,0,0,0,0,0,0,0,0,0,0,0,0,0,0,0,0,0,0,0,0,0,0,0,0,0,0,0,0,0,0,0
106923,"C(=C)COCC1CO1","inhalation",0,0,0,0,0,0.0929540807,0,0,0,0,0,0,0,0,0,0,0,0,0,0,0.0371816323,0,0,0,0,0,0,0,0,0,0,0,0,0,0,0.0929540807,0,0,0,0
106945,"C(Br)CC","inhalation",0,0,0,0,0,0,0,0,0,0,0,0,0,0,0,0,0,0,0,0,0.9238728751,0,0,0,0,0,0,0,0,0,0,0,0,0,0,0,0,0,0,0
107051,"C(=C)CCl","inhalation",0,0,0,0,0,0,0,0,0,0,0,0,0,0,0,0,0,0,0,0.893885939,0,0,0,0,0,0,0,0,0,0,0,0,0,0,0,0,0,0,0,0
107460,"C[Si](C)(C)O[Si](C)(C)C","inhalation",0,0,0,0,0,14.0267707752,0,0,0,0.4647704034,0,0,0,0,0,0,0,0,0,5.5121769845,0,0,0,0,0,0,0,1.8033091653,0,0,0,0,0,0,0,0,0,5.5121769845,0,0
107982,"C(C)(O)COC","inhalation",0,0,0,0,0,0,0,0,0,28.3775602866,0,0,0,0,0,0,0,0,0,0,28.3775602866,0,0,0,0,0,0,0,0,0,0,0,0,0,0,0,0,0,0,0
108101,"C(C)(=O)CC(C)C","inhalation",0,0,0,0,0,2.3424428333,0,0,0,9.3139988846,0,0,0,0,0,0,0,0,0,2.3424428333,9.3139988846,0,0,0,0,0,0,0,0,0,0,0,0,0,0,0,0,2.3424428333,0,9.3139988846
108247,"C(C)(=O)OC(C)=O","inhalation",0,0,0,0,0,0.1859081613,0,0,0,0,0,0,0,0,0,0,0,0,0,0,0,0,0,0,0,0,0,0.1859081613,0,0,0,0,0,0,0,0,0,0,0,0
109999,"C1CCCO1","inhalation",0,0,0,0,0,0,0,0,0,46.4883196127,0,0,0,0,0,0,0,0,0,0,46.4883196127,0,0,0,0,0,0,46.4883196127,0,0,0,0,46.4883196127,46.4883196127,0,0,0,0,0,46.4883196127
111308,"C(=O)CCCC=O","inhalation",0,0,0,0,0,0.0092954081,0,0,0,0.0092954081,0,0,0,0,0,0,0.0092954081,0,0,0.002323852,0,0,0,0.0092954081,0,0,0,0.001161926,0,0,0,0,0,0.0092954081,0,0,0,0,0,0.001161926
111422,"C(O)CNCCO","inhalation",0,0,0,0,0,0.9298290051,0,0,0.9298290051,0.3469849702,0,0,0,0,0,0,0,0,0,0.3469849702,0.3469849702,0,0,0,0,0,0,0.9298290051,0,0,0,0,0,0,0,0.3469849702,0,0.3469849702,0,0
111693,"C(#N)CCCCC#N","inhalation",0,0,0,0,0,0,0,0,0,0,0,0,0,0,0,0,0,0,0,0,0,0,0,0,0,0,0,0.2080636212,0,0,0,0,0,0,0,0,0,0.0271113203,0,0
111922,"C(CCC)NCCCC","inhalation",0,0,0,0,0,0.2637594514,0,0,0,0,0.0879198171,0,0,0,0,0,0,0,0,0,0,0,0,0,0,0,0,0,0,0,0,0,0,0,0,0,0,0,0,0
112254,"C(CCCCC)OCCO","inhalation",0,0,0,0,0,0.3730113831,0,0,0,0,0,0,0,0,0,0,0,0,0,0,0.3730113831,0,0,0,0,0,0,0,0,0,0,0,0,0,0,0,0,0,0,0
115071,"C(=C)C","inhalation",0,0,0,0,0,5.8330452816,0,0,0,0,0,0,0,0,0,0,0,0,0,0,0,0,0,0,0,0,0,0,0,0,0,0,0,0,0,0,0,0,0,0
115106,"COC","inhalation",0,0,0,0,0,0,0,0,0,185.9081613684,0,0,0,0,0,0,0,0,0,0,0,0,0,0,0,0,0,0,0,0,0,0,0,0,0,0,0,0,0,185.9081613684
115117,"C(=C)(C)C","inhalation",0,0,0,0,0,0,0,0,0,4.6477040342,0,0,0,0,0,0,0,0,0,4.6477040342,4.6477040342,0,0,0,0,0,0,0,0,0,0,0,0,0,0,0,0,0,0,0
116143,"C(F)(F)=C(F)F","inhalation",0,0,0,0,0,46.477040342,0,0,0,0,0,0,0,0,0,0,11.6192600855,0,0,5.8096300428,2.9001673173,0,0,0,0,0,0,2.9001673173,0,0,0,0,0,0,0,0,0,2.9001673173,0,0
119642,"c12c(cccc1)CCCC2","inhalation",0.0697155605,0,0,0,0,1.1154489682,0,0,0,0,0,0,0,0,0,0,0,0,0,0.0697155605,0.0697155605,0,0,0,0,0,0,0.5577244841,0,0,0,0,0,0,0,0,0,0.278862242,0,0
121733,"c1(Cl)cc(N(=O)=O)ccc1","inhalation",0,0,0,0,0,0,0,0.0274065868,0,0.0139917838,0,0.0555343996,0,0,0.0139917838,0,0,0,0,0.0139917838,0.0555343996,0.1115015348,0,0.1115015348,0,0,0,0.0139917838,0,0,0,0,0.0139917838,0.1115015348,0,0,0,0,0,0
123546,"C(C)(=O)CC(C)=O","inhalation",0,0,0,0,0,6.0420152445,0,0,6.0420152445,0,6.0420152445,0,0,0,0,0,0,0,0,0,0,0,0,0,0,0,0,0,0,0,6.0420152445,0,0,6.0420152445,0,0,6.0420152445,0,0,0
123864,"C(C)(=O)OCCCC","inhalation",0,0,0,14.0578042825,0,14.0578042825,0,0,14.0578042825,28.115608565,4.6859347608,0,0,0,0,0,0,0,0,14.0578042825,14.0578042825,0,0,14.0578042825,0,0,0,5.8696468821,0,0,0,0,28.115608565,0,0,0,0,0,0,5.8696468821
124094,"C(N)CCCCCN","inhalation",0,0,0,0,0,0.4204770361,0,0,0,0.4204770361,0,0,0,0,0.4204770361,0,0,0,0,0,0,0,0,0,0,0,0,0,0,0,0,0,0,0,0,0.0997410644,0,0,0,0
126998,"C(=C)(Cl)C=C","inhalation",0,0,0,0,0,0,0,0,0,0,0.2977596155,0,0,0,0,0,0,0,0,0.6160543771,1.8481631312,0,0,1.8481631312,0,0,0,1.8481631312,0,0,0,0,0,0,0,0,0,0.2977596155,0,0
306832,"C(F)(F)(F)C(Cl)Cl","inhalation",0,0,0,0,0,9.2954080684,0,0,0,0,0,0,0,0,0,0,0,0,0,9.2954080684,9.2954080684,0,0,9.2954080684,0,0,0,0,0,0,0,0,0,0,0,0,0,0,0,0
423392,"C(F)(F)(I)C(F)(F)C(F)(F)C(F)(F)F","inhalation",0,0,0,4.6477040342,0,0,0,0,0,4.6477040342,0,0,0,0,0,0,0,0,0,0,0,0,0,0,0,0,0,0,0,0,0,0,0,0,4.6477040342,0,0,0,0,0
460731,"C(F)(F)(F)CC(F)F","inhalation",0,0,0,0,0,0,0,0,0,92.9097012648,0,0,0,0,0,0,92.9097012648,0,0,0,0,0,0,0,0,0,0,4.5776677631,0,0,0,0,464.548506324,0,0,0,0,4.5776677631,0,4.5776677631
509148,"C(N(=O)=O)(N(=O)=O)(N(=O)=O)N(=O)=O","inhalation",0,0,0,0,0,0.092750182,0,0,0,0,0.092750182,0,0,0,0,0,0,0,0,0,0.0009275018,0,0,0,0,0,0,0,0,0,0,0,0,0,0,0,0,0,0,0
528449,"C(=O)(O)c1c(C(=O)O)cc(C(=O)O)cc1","inhalation",0,0,0,0,0,0,0,0,0,0,5.40765E-005,0,0,0,0,0,0,0,0,0,0,0,0,0,0,0,0,0,0,0,0,0,0,0,0,0,0,0,0,0
542563,"C(C)(C)CON=O","inhalation",0,0,0,0,0,2.7769941462,0,0.6942485366,2.7769941462,0.6942485366,1.3884970731,0,0,0,0,0,2.7769941462,0,0,2.7769941462,2.7769941462,0,0,1.3884970731,0,0,0,0.0925664716,0,0,0,0,0.6942485366,2.7769941462,0,0,0,0,0,0.0925664716
542756,"C(Cl)=CCCl","inhalation",0,1.3943112102,0,0,0,1.3943112102,0,0,0.8365867261,0,0,0,1.3943112102,0,0,0,0.8365867261,0,0,0.8365867261,0.8365867261,0,0,1.3943112102,0,0,0,0,0,0,0,0,0,1.3943112102,0,0,0,0,0,0
556672,"C[Si]1(C)O[Si](C)(C)O[Si](C)(C)O[Si](C)(C)O1","inhalation",0,0,0,4.5361591374,0,8.3472764455,0,0,0,0.3253392824,0,8.3472764455,8.3472764455,0,0,0,0,0,0,0,4.5361591374,0,0,0,0,0,0,4.5361591374,0,0,0,0,0,4.5361591374,0,0,0,0,0,0
583391,"C(N)(N)=NN(=O)=O","inhalation",0,0,0,0.01513134,0,0.0004539402,0,0.0378283501,0,0.004539402,0.01513134,0.0094570875,0,0,0.01513134,0,0,0,0,0.0001513134,0.0047361095,0.0378283501,0,0,0,0.0378283501,0.004539402,0.0001513134,0,0,0,0,0,0.0047361095,0.004539402,0,0,0,0,0.0001513134
592416,"C(=C)CCCC","inhalation",0,0,0,0,0,0.2430435534,0,0,0,0.0278149844,0,0,0,0,0,0,0,0,0,0,0,0,0,0.2430435534,0,0,0,0.0810145178,0,0,0,0,0,0,0,0,0,0,0,0
763699,"C(=O)(CCOCC)OCC","inhalation",0,0,0,0,0,4.7406581149,0,0,2.3331474252,4.7406581149,2.3331474252,0,0,0,0,0,0,0,0,2.3331474252,4.7406581149,0,0,2.3331474252,0,0,0,0,0,0,0,0,0,9.2582264361,0,0,0,0,0,2.3331474252
872504,"C1(=O)CCCN1C","inhalation",0,0,0,0,0,6.8780205974,0,0,0,6.8780205974,0,0,0,0,0,0,0,0,0,0,0,0,0,6.8780205974,0,0,0,6.8780205974,0,0,0,0,0,0,0,0,0,1.1463367663,0,6.8780205974
994058,"C(C)(C)(CC)OC","inhalation",2.3238520171,0,0,2.3238520171,0,32.5339282395,0,0,32.5339282395,2.3238520171,13.9431121027,0,0,0,0,0,32.5339282395,0,0,2.3238520171,2.3238520171,0,0,0,0,0,0,2.3238520171,0,0,0,0,0,0,0,0,0,0,0,2.3238520171
1569013,"C(C)(O)COCCC","inhalation",0,0,0,0,0,2.8365821013,0,0,0,0,0,0,0,0,0,0,0,0,0,0,0,0,0,0,0,0,0,0,0,0,0,0,0,0,0,0,0,0,0,0
1569024,"C(C)(O)COCC","inhalation",0,0,0,0,0,0,0,0,0,0,0,0,0,0,0,0,0,0,0,0,18.9848557587,0,0,0,0,0,0,0,0,0,0,0,0,0,0,0,0,2.8368175271,0,0
1649087,"C(F)(F)(Cl)CCl","inhalation",0,0,0,0,0,4.6316881577,0,0,18.5267526308,18.5267526308,4.6316881577,0,0,18.5267526308,0,0,18.5267526308,0,0,18.5267526308,4.6316881577,0,0,18.5267526308,0,0,0,0,0,0,0,0,0,0,0,0,0,0,0,0
1717006,"C(C)(F)(Cl)Cl","inhalation",0,0,0,0,0,186.5599129387,0,0,0,186.5599129387,186.5599129387,0,0,0,0,0,0,0,0,0,0,0,0,0,0,0,0,0,0,0,0,0,0,0,0,0,0,0,0,0
2314978,"C(F)(F)(F)I","inhalation",0,0,0,0,0,123.9387742455,0,123.9387742455,247.877548491,247.877548491,61.9693871228,61.9693871228,0,0,0,0,0,0,0,0,247.877548491,0,0,61.9693871228,0,0,0,123.9387742455,0,0,0,0,0,61.9693871228,61.9693871228,0,0,0,0,123.9387742455
2431507,"C(=C)(Cl)C(Cl)CCl","inhalation",0,0,0,0,0,0.0242325411,0,0,0,0.0242325411,0,0,0,0,0,0,0,0,0,0,0,0,0,0,0,0,0,0.0242325411,0,0,0,0,0,0,0,0,0,0,0,0.0242325411
2530872,"C(Cl)CC[Si](OC)(OC)OC","inhalation",0.9202453988,0,0,0,0.9202453988,0,0,0,0,0,0,0,0,0,0,0,0,0,0,0.9202453988,0,0,0,0,0,0,0,0,0,0,0,0,0,0,0,0,0,0,0,0
2698411,"C(#N)C(C#N)=Cc1c(Cl)cccc1","inhalation",0,0,0,0,0,0.0018075774,0,0,0,0,0,0,0,0,0,0,0,0,0,0,0,0,0,0,0,0,0,0,0,0,0,0,0,0.0072303094,0,0.0018075774,0,0,0,0
2837890,"C(F)(F)(F)C(F)Cl","inhalation",0,0,0,0,0,0,0,0,0,139.4311210262,139.4311210262,0,0,0,0,0,0,0,0,0,0,0,0,0,0,0,0,0,0,0,0,0,0,0,0,0,0,139.4311210262,0,0
3811732,"c1(S{-})ccccn{+}1O{-}.[Na]{+}","inhalation",0,0,0,0,0,0.0142507284,0,0,0,0,0,0,0,0,0,0,0,0,0,0,0,0,0,0,0,0,0,0,0,0.0142507284,0,0,0,0,0,0,0,0.0142507284,0,0
5522430,"c12c3c4c(c(N(=O)=O)ccc4ccc3ccc1)cc2","inhalation",0,0,0,0,0,0,0,0,0,0,0,0,0,0,0,0,0,0,0,0,0.0004596011,0,0,0,0,0,0,0,0,0,0,0,0,0,0,0,0,0,0,0
6055523,"C(CCCCCN{+}.Cl{-})N{+}.Cl{-}","inhalation",0,0,0,0,0,0.1922679446,0,0,0,0.0600837327,0,0,0,0,0,0,0.1922679446,0,0,0,0,0,0,0.1922679446,0,0,0,0,0,0,0,0,0,0.0192267945,0,0,0,0,0,0.0060083733
16219753,"C1(=CC)C2C=CC(C2)C1","inhalation",0,0,0,0,0,0,0,0,0,0,0,0,0,0,0,0,0,0,0,0.0455474995,1.3850158022,0,0,0,0,0,0,0.2305261201,0,0,0,0,0,0,0.2305261201,0,0,0,0,0.2305261201
26530201,"C1(=O)C=CSN1CCCCCCCC","inhalation",0,0,0,0.0068073157,0,0.0068073157,0,0,0,0.0068073157,0,0,0,0,0,0,0,0,0,0.0068073157,0.0068073157,0,0,0,0,0,0,0,0,0,0,0,0.0068073157,0,0,0,0,0,0,0
57018527,"C(C)(C)(C)OCC(C)O","inhalation",0.7082932197,0,0,0,0,5.6732223903,0,0,0,0.7082932197,0,0,0,0,0,0,0,0,0,0.7082932197,0.7082932197,0,0,0,0,0,0,0.7082932197,0,0,0,0,0,0,0,0,0,0.7082932197,0,0.7082932197
